0.000000 -0.000221
1.000000 -0.001350
2.000000 -0.000377
3.000000 -0.001590
4.000000 -0.001812
5.000000 -0.002321
6.000000 -0.001400
7.000000 -0.001787
8.000000 -0.000220
9.000000 0.000180
10.000000 -0.000016
11.000000 -0.000072
12.000000 0.001002
13.000000 0.001658
14.000000 0.001840
15.000000 0.002709
16.000000 0.003263
17.000000 0.004290
18.000000 0.003573
19.000000 0.005343
20.000000 0.004500
21.000000 0.002842
22.000000 0.004164
23.000000 0.004497
24.000000 0.004057
25.000000 0.003579
26.000000 0.003295
27.000000 0.002685
28.000000 0.002538
29.000000 0.015045
30.000000 0.017295
31.000000 0.017750
32.000000 0.017153
33.000000 0.017601
34.000000 0.019045
35.000000 0.020148
36.000000 0.021265
37.000000 0.022101
38.000000 0.020825
39.000000 0.022043
40.000000 0.022707
41.000000 0.023130
42.000000 0.022415
43.000000 0.021782
44.000000 0.022259
45.000000 0.020939
46.000000 0.021058
47.000000 0.019943
48.000000 0.020848
49.000000 0.021218
50.000000 0.020105
51.000000 0.020480
52.000000 0.022119
53.000000 0.021814
54.000000 0.021167
55.000000 0.021401
56.000000 0.020120
57.000000 0.020798
58.000000 0.021827
59.000000 0.021562
