0.000000 -0.000321
1.000000 -0.000346
2.000000 0.001822
3.000000 0.003974
4.000000 0.003280
5.000000 0.004020
6.000000 0.005094
7.000000 0.004212
8.000000 0.002127
9.000000 0.000940
10.000000 -0.000688
11.000000 -0.000885
12.000000 -0.000550
13.000000 -0.000978
14.000000 0.000164
15.000000 0.000710
16.000000 0.001180
17.000000 0.000873
18.000000 0.000225
19.000000 -0.000984
20.000000 -0.002373
21.000000 -0.004219
22.000000 -0.005917
23.000000 -0.007763
24.000000 -0.007756
25.000000 -0.008297
26.000000 -0.010485
27.000000 -0.010295
28.000000 -0.009461
29.000000 -0.008534
30.000000 -0.009488
31.000000 -0.007419
32.000000 -0.007401
33.000000 -0.006699
34.000000 -0.005556
35.000000 -0.004615
36.000000 -0.002294
37.000000 -0.000374
38.000000 0.000815
39.000000 0.000942
40.000000 0.000935
41.000000 0.001563
42.000000 0.002109
43.000000 0.002103
44.000000 0.002183
45.000000 0.002519
46.000000 0.003664
47.000000 0.002143
48.000000 0.004565
49.000000 0.006690
50.000000 0.009570
51.000000 0.011657
52.000000 0.011422
53.000000 0.013044
54.000000 0.014528
55.000000 0.014625
56.000000 0.015249
57.000000 0.013895
58.000000 0.015478
59.000000 0.017344
