0.000000 -0.000769
1.000000 -0.001712
2.000000 0.000859
3.000000 0.000378
4.000000 0.000718
5.000000 0.001247
6.000000 -0.005163
7.000000 -0.006579
8.000000 -0.006223
9.000000 -0.005916
10.000000 -0.006986
11.000000 -0.007555
12.000000 -0.007011
13.000000 -0.009732
14.000000 -0.008238
15.000000 -0.007972
16.000000 -0.006021
17.000000 -0.005087
18.000000 -0.005188
19.000000 -0.006419
20.000000 -0.007171
21.000000 -0.007337
22.000000 -0.006922
23.000000 -0.007861
24.000000 -0.009053
25.000000 -0.009530
26.000000 -0.010705
27.000000 -0.011131
28.000000 -0.012288
29.000000 -0.032887
30.000000 -0.045462
31.000000 -0.045374
32.000000 -0.046089
33.000000 -0.046944
34.000000 -0.048802
35.000000 -0.048252
36.000000 -0.047702
37.000000 -0.044413
38.000000 -0.045561
39.000000 -0.047015
40.000000 -0.047666
41.000000 -0.048468
42.000000 -0.048318
43.000000 -0.048403
44.000000 -0.048980
45.000000 -0.050026
46.000000 -0.048848
47.000000 -0.049490
48.000000 -0.051465
49.000000 -0.051210
50.000000 -0.049228
51.000000 -0.046569
52.000000 -0.045953
53.000000 -0.046836
54.000000 -0.045060
55.000000 -0.047652
56.000000 -0.048968
57.000000 -0.049846
58.000000 -0.050291
59.000000 -0.048429
